14515
22996
23005
23011
23014
23033
23052
23060
23224
23248
23254
38343
58275
58277
58279
58281
58283
58285
58287
58289
58291
58293
58295
58297
58299
58301
58303
58305
58307
58309
58311
58341
58345
58347
58349
58351
58381
58382
58384
58385
58386
58387
58397
58399
58400
58401
58402
59017
59018
59019
59020
59021
59022
59023
59024
59025
59026
59027
59029
59031
59032
59033
59034
59035
59036
59038
59039
59040
59041
59044
59045
59046
59047
59048
59050
59052
59054
59056
59058
59060
59062
59064
59066
59068
59070
59071
59072
59073
59074
59077
59081
59083
59085
59089
59090
59091
59096
59097
59105
59110
59113
59165
59173
59177
59178
59179
