10720
10724
10860
10941
11719
11722
11730
11732
11735
11745
11749
11768
11777
11780
11800
11802
11812
11824
11833
11834
11838
15374
15375
16082
16086
16094
16112
16115
18617
4391
4395
4396
4403
4433
4436
4454
4489
4514
4525
4526
4532
4545
4557
4564
4579
4587
4601
4606
4607
4625
4710
4725
6396
6397
6407
6422
6432
6437
6439
6440
6443
6451
6461
6479
6483
6490
6491
6492
6494
6498
6502
6508
6511
6813
6825
6828
6859
6861
6875
6930
6975
8996
8999
9024
9026
9031
9034
9039
9050
9056
9058
9062
9068
9119
9146
9150
9151
9152
9156
9158
9160
9164
9167
9176
9541
9731
9734
9785
9880
